7495167007510792832
7494909120769460549
7494525449531590599
7494740638249814502
7494991088252192961
7496086524025735383
7494748499102369509
7495976268916427525
7495487735726245897
7495305991128451448
7496163167665555701
7496031177300806584
7494472182764111877
7494985189897504884
7494530132500580440
7494416149332395487
7495281424408152824
7494704456342996812
7494925954177206469
7494811175526566393
7496309547045522038
7495338695284983874
7496153731837954256
7494806868702692651
7494664943890172610
7496283285345045059
7494701631202035824
7495182003854215240
7494647286835612462
7494539221623343257
7494551066641400960
7494523752626424756
7496219253346502858
7496311439145470472
7496118433055673121
7494423599427192119
7496269052279621960
7494645826975402236
7495626545940826826
7494868743683672828
7494101192283882817
7494603233220594280
7494416441758223129
7496311688446446510
7496070219265903185
7494792390597510618