7495918070877490097
7495123108008462645
7494557294615235116
7494801336240933390
7495809559631857717
7496103548228831479
7494978223821981823
7494892887998564464
7496240027764230647
7496126355154832285
7494259526260196416
7495021745533847811
7495992110507395229
7494808370965285337
7495084660126419682
7495182733713705045
7494795508242548444
7495198804733561750
7495942914294909295
7494742499224356179
7494730332085848630
7495565965938428785
7494129241962152989
7495599747723463227
7494644199581058663
7494185371692270821
7496313128042793836
7495959303600572964
7496235599769733898
7494249894191990781
7495342211693119559
7496105918049520087
7495009494783330952
7496109939937151757
7494410328226694954
7494673487618017105
7496136239388395952
7494264520903525445
7495866447872100366
7495840208321415669
7496123377579232168
7495881664347671260
8652206151457015297
7495881815561832964
7496303388086864432
7494207440330851806
7494706580613399846
7496320596825901708
7495330333042903482
7496186035787565066
7495211149111364436
7494654770061805079
7494787915138893803